amplicon	primer_f_start	primer_f_stop	unique_start	unique_stop	primer_r_start	primer_r_stop
1	31	54	55	320	386	410
2	321	342	411	642	705	726
3	643	664	727	943	1005	1028
4	944	965	1029	1242	1313	1337
5	1243	1264	1338	1573	1624	1651
6	1574	1595	1652	1868	1943	1964
7	1869	1897	1965	2181	2243	2269
8	2182	2205	2270	2504	2569	2592
9	2505	2529	2593	2826	2881	2904
10	2827	2850	2905	3144	3184	3210
11	3145	3166	3211	3460	3508	3531
12	3461	3482	3532	3771	3827	3853
13	3772	3795	3854	4044	4143	4164
14	4045	4077	4165	4294	4403	4450
15	4295	4322	4451	4636	4667	4696
16	4637	4658	4697	4939	4996	5017
17	4940	4966	5018	5230	5297	5321
18	5231	5287	5322	5563	5621	5644
19	5564	5586	5645	5867	5933	5957
20	5868	5894	5958	6167	6248	6272
21	6168	6197	6273	6466	6527	6550
22	6467	6495	6551	6718	6847	6873
23	6719	6745	6874	7035	7093	7117
24	7036	7058	7118	7305	7390	7415
25	7306	7332	7416	7626	7672	7694
26	7627	7651	7695	7943	7998	8019
27	7944	7968	8020	8249	8320	8341
28	8250	8275	8342	8595	8636	8661
29	8596	8619	8662	8888	8955	8983
30	8889	8913	8984	9204	9246	9271
31	9205	9226	9272	9477	9558	9585
32	9478	9502	9586	9784	9835	9858
33	9785	9806	9859	10076	10147	10171
34	10077	10099	10172	10362	10438	10459
35	10363	10384	10460	10666	10738	10763
36	10667	10688	10764	10999	11049	11074
37	11000	11022	11075	11306	11373	11394
38	11307	11331	11395	11555	11669	11693
39	11556	11584	11694	11863	11928	11949
40	11864	11889	11950	12110	12235	12256
41	12111	12133	12257	12417	12466	12490
42	12418	12439	12491	12710	12780	12802
43	12711	12732	12803	13005	13075	13096
44	13006	13029	13097	13307	13364	13400
45	13308	13344	13401	13599	13661	13699
46	13600	13625	13700	13918	13962	13984
47	13919	13946	13985	14207	14272	14299
48	14208	14232	14300	14545	14580	14601
49	14546	14570	14602	14865	14899	14926
50	14866	14895	14927	15171	15225	15246
51	15172	15193	15247	15481	15539	15560
52	15482	15503	15561	15827	15862	15886
53	15828	15851	15887	16118	16187	16209
54	16119	16144	16210	16416	16486	16510
55	16417	16444	16511	16748	16805	16833
56	16749	16770	16834	17065	17131	17152
57	17066	17087	17153	17381	17431	17452
58	17382	17406	17453	17674	17739	17761
59	17675	17697	17762	17966	18037	18062
60	17967	17993	18063	18253	18325	18348
61	18254	18275	18349	18596	18651	18672
62	18597	18618	18673	18896	18958	18979
63	18897	18918	18980	19204	19276	19297
64	19205	19232	19298	19548	19592	19616
65	19549	19570	19617	19844	19912	19939
66	19845	19866	19940	20172	20232	20255
67	20173	20200	20256	20472	20543	20572
68	20473	20496	20573	20786	20868	20890
69	20787	20813	20891	21075	21147	21169
70	21076	21104	21170	21357	21428	21455
71	21358	21386	21456	21658	21717	21743
72	21659	21682	21744	21961	22014	22038
73	21962	21990	22039	22262	22325	22346
74	22263	22290	22347	22516	22627	22650
75	22517	22542	22651	22797	22878	22903
76	22798	22821	22904	23122	23190	23214
77	23123	23144	23215	23443	23501	23522
78	23444	23466	23523	23789	23823	23847
79	23790	23812	23848	24078	24146	24169
80	24079	24100	24170	24391	24444	24467
81	24392	24416	24468	24696	24766	24789
82	24697	24721	24790	24978	25053	25076
83	24979	25003	25077	25279	25348	25369
84	25280	25301	25370	25601	25647	25673
85	25602	25623	25674	25902	25970	25994
86	25903	25924	25995	26197	26291	26315
87	26198	26219	26316	26520	26567	26590
88	26521	26542	26591	26835	26891	26913
89	26836	26860	26914	27141	27191	27227
90	27142	27164	27228	27446	27512	27533
91	27447	27471	27534	27784	27826	27854
92	27785	27808	27855	28081	28146	28172
93	28082	28104	28173	28394	28443	28464
94	28395	28416	28465	28677	28757	28779
95	28678	28699	28780	28985	29042	29063
96	28986	29007	29064	29288	29357	29378
97	29289	29316	29379	29486	29666	29693
98	29487	29510	29694	29835	29837	29866
